141 1116661111 ’

161611161111110 1111611110 1111631160 1111.
6111130 1119-41111111111111111111111. 1141616666
1141 116111. 11411111111 comptum 30 1146 sl. 111. 0
111116 30 infortunia 1148116113, 666110 111 1111116110
⁴ 11491166 111611111111111.1’ιὶ11111113 1111116116161110
1111111163 1114111160 1111161113 11111113
11111161110 111116611611 1119116111111111111111·
1111111· 1111111111 30 1166161613 1166 6111111111
1161 die 3, 6110 1161111 3,111. 0 1164 1111191611163
1111ήηὶ11110 δ111111111111301111ήε111111111611111111
1166111616130 6691161110 11111666 1111116·
111111 1111116111. 1114111111 1166166160 1111
116111. 1116116111. quotum 1166110 1111116111.
81116111 1111111113 1111161116 1161111112 11111110
1111161111 11611 11111 ,4,11111 111116 30 1116 116111. 116611
16111. 1111166616611130 1118 1111116116 61111116-
111110 1196116111.
Quid 66111661 9111116111 911616116111111 1111116160 Hune
11111111111110 1191 ΒΑ. 111. 1611661166 30
1194 qua 61116 0 111161163,1111611 0 1111 116111.
01111113,Ψῆ 11111 0 1196 611 6111111111 1116161111 0 1191 ”’
116111. 1191 1161113 1199 1111166113111116616110
1166166111111 1111110 116111116ρί60 1161 16111.
111 6161111 1166616111111111111116 1161-9111301111
, 1111164116· 116111611113ι macomentumtmom-
1111111111111131 (1111611111310ι 111191161111161316ι 11111166-
11111611116113 11111161. 1116116 1111111111. 1111
Ι 111166111111 1116111613 61611111 1119116111.
11111110 1111161111ιο 111181. 111116116116111
11113,111111111611111110 1111116111. 111116616611113,
111111161611161111 0 1111611111 1111110 1114 sl. 111. 3, 116
0 1111 Αιι11111111630 111616116111110 111161111116
1113 hamanum 111161611116 11111160116116
1111111661 1114111116 111111 111616111611111111111116
111 1111116111. 1116116111. 1111116111. 1111111111

·111.Α 0.111.3 11416661613 11411611111 114111ι
11116 1111111 1141661111 11411111161111111110
1111661111 11461110
11161111166611111,111111611166 11416611
1111111111111 nmmum-m 11111111-

 

