emim APPENDIX. 135

cneohanumohmoc 61311111. 1111111116 616
&nuc 61611111111116 6191116 111111111136
1111116 6111116113,11111116 11111111116 611111
11136 1111111111116 615111611111116 614111·Ι
6116 1111111136 &dmm-B 11136 6171111111
6191111111111 111116 6511111111111111111 631111-
μα16 9111111334911111116 1111111111ἱωί6 61118.Δ
111. 11111136 65111111 1111111113,11111116 634
hue-c 6111111113,6111111116 6551111116 656111
36 1111111116 6596111111,811116 6418111111
64111111111116 64111136 11136 Ρ.11111111 645
38411. 64411111111111 11111. 36 11136 645
11111116111136 1111113 6461111136 11136
6461111111111111 64911111113 &muhamas
1111111111 11136 651111111111111 655 81111111
11111 1111113 6551111111 111111. 65511.
0111 Ρ.111111111111111111111111111136 PS. 111. ’
mmmmm 111113 65111116 11111113
11111116,11111111111113 1113 6511111111136 659
111111111136 111111111111111136 66111111 11136
1111136 8111111113 6611111113 11111111
661111111111111111113, 111111111111111116 gruum 1111111·
11113 6651111111 66411111 bittine 665111136 ’
&masinae 66611116 661111111ιί1 66911111
111113, 11111 1111 6 d consumetis 111. 3, add. 911111111 Anu
6115111608. 63, m. 6 asine 1111111613 611 1111111111 3
1111111111 6 611 11111116 611 1111111111 111111111-
11111111 36 111111111111 1111116 1111111111. 36 615111111
11136 6741111111 615 dolori 1111111113 11111111 1111
1111911111136 6711111136 1111111111913,1111111116 “
678111111 36 611 1111111113 11111116 6141111111
1111111111 11111116 615111 6861111111 11111111 611

1913 61811111 6911111111 69111111116 6951111111Ι .

11113 6941111111 1111111116 695311191111111
CALIDORUS efflamus 13111016311

69111111116 6996111116 sqmrinecduums:
CA.Qnomheetibi=limmeloeutusnimirudoehduimbolo·
caonninhqmmnodoqutdmmuhmtm
7111111113 111111 115111111111111136 1141111
11136 1151111136,1161“1111,1111111136 1111111

 

