Nom 64

961 H 1111 11111111,011.646 Η Aa 111116 11111,1111.1141 u 1111 d 11

1111111111, 161. Bon. 1664, Amph. 164 111 nod 411111 111 munau,

4111611111 11 construction 11164 616 monum 66111114 166 6111111 61
166 11161 661166, 1161114114 166 11661114 already 1111161116 11 1116 1616,

116666 611166 11161111 1611166161 1166 Cognato 1661111116 11 6 14166111

111111 61 16111661161161. rm 111616 6161 411111·116161166,’·11111,’ 11666.

cf. 1111 11111614 61 1111111111, 1161611661116861111111, 111. Sym. 111,
1111161, 11. Β.. p. 496, 01111’11.61.84111.,6. 11, 1116614161616461..

6. 661 61. 1419611611 Λ.

616. 66666 1161611161 1116 61611161 11111611 116 1111 66111161 111 oon·
1111611661 116 11111114 61111 1116 6611116661. Cf. Troe. 641 duim
161161, atque 1111 111111 dauwe, 14116. 664 11111111111411111. Ep. 1111111111
1111114 oeque 1111111141. So 1111. 414, Men. 16411661. 496.

66ι61,·11166’4 61. 111611411111111. 1444 116 16114. Cf. Hor.
Sot. 1. 9. 41 ego, 111 1111111661 6111111111 11111 11111111, 1661111, 161. Andr.
446 111 1116111 1111.

666. 66666...6616. Cf. 161-411111, 61. 6111. 164, Cion. 164,
Epid- 166.

661. 166 6116111-11111111111, es. 11661. 469

666. 616166111161161661 1111111,1. 161. ·

66666161666. Cf. Trio. 444 611 pudere qm 614111 praestat
toes'dm 1111111, ’16416616661111116ν 61 Ι1111111114’...·111111114 ono· '
1611.Ι

666 11161111, 116.1. 146.

661. 61 6116666, numm 61666611, ‘if you 1116 16111466611111
1616 1111111161,4611 ought 1611116 got 1116 money 61 loon! For 11116
imon subjunctive, 11111611 11 1161 1166111161 111 616 or colloquio! Lotio
666 11 poem. 61. 11111. 166, 664, Men. 194, 1611. 414, 11116. 449, 641,
1116611411, Trio. 144, Merc- ⁶33, Truc- 444161. Η66111. 44111161.
494, 1166. 146 (imperfecto), Cio. 111611. 111. 64. 194 smmum 111
11111111, pto 116116. 41. 6411111111 1111111111, 1614. Aoo. 1111. 644
11111 111111 ,4116111 1111111111, 161. 11. 646 1111111111, 11. 644 1111111111,
n· 161 1111111111, 1116. 11116461111111111111111. 0116611616. (6111111)
11 4111111111 111111 1111111111. (inueniret) 11 16666111, 161111614614116· 1116
1611114, et Troe. 11. 44 11 611116166111116611611Ῑ11111 6111611111 donum
1116449, 11611. 194, 111611191411111111111111411111116111. .

666. 6661666116111 616·11’1116114111661“161611,’1.6.11 4116166111
661166. 016666114661116111111111111111111.

666. 61666 6666, *11616111 11616,’ 1111611 11116661 dn. 01. 164,
1111. 164, soon. 461 616.

 

